G3dErrFileVersion 2018P3.1
FlagFileMetaData Begin
   Mesh Size - Setup2, Refinement, Pass #1, Freq. 1.082000e+09 :Title    
   Listing of mesh elements with poor quality. :ToolTip  
   hf3d :Author   
   1744153306 :TimeStamp
FlagFileMetaData End
BEGIN_ERR 
26 Small mesh segment detected on body : RadiatingSurface
 Small mesh segment detected on body : RadiatingSurface 
 Segment Statistics - Number of Segments : 1 --- Segment length(s) : 2.827563mm. The cutoff frequency for S-Matrix Only Solve is 58.7705127832751kHz 
2 -1  10856  # nfids, fids[]
2 13245  -1  # nbids, bids[]
      6 2 1 0 #ntets ntri ned npts
          -9.9049950476514095e+02  -7.0882435557920792e+02   7.3987274167373243e+02 #xyz tv0
          -9.1823995079942165e+02  -7.4703586271647578e+02   8.1617592813816464e+02 #xyz tv1
          -1.1060466325765474e+03  -7.3496994371764504e+02   8.2022537293079802e+02 #xyz tv2
          -9.1671909490355915e+02  -7.4487607175142455e+02   8.1718459726423498e+02 -1 13245 #xyz tv3 fid bid
          -9.1823995079942165e+02  -7.4703586271647578e+02   8.1617592813816464e+02 #xyz tv0
          -9.9049950476514095e+02  -7.0882435557920792e+02   7.3987274167373243e+02 #xyz tv1
          -8.3109335353401264e+02  -7.1474128464718001e+02   7.2073005261670630e+02 #xyz tv2
          -9.1671909490355915e+02  -7.4487607175142455e+02   8.1718459726423498e+02 -1 13245 #xyz tv3 fid bid
          -9.1671909490355915e+02  -7.4487607175142455e+02   8.1718459726423498e+02 #xyz tv0
          -1.0076011290495615e+03  -7.8812851003983815e+02   9.1972365782443285e+02 #xyz tv1
          -9.1823995079942165e+02  -7.4703586271647578e+02   8.1617592813816464e+02 #xyz tv2
          -1.1060466325765474e+03  -7.3496994371764504e+02   8.2022537293079802e+02 -1 13245 #xyz tv3 fid bid
          -8.3109335353401264e+02  -7.1474128464718001e+02   7.2073005261670630e+02 #xyz tv0
          -9.1823995079942165e+02  -7.4703586271647578e+02   8.1617592813816464e+02 #xyz tv1
          -9.1671909490355915e+02  -7.4487607175142455e+02   8.1718459726423498e+02 #xyz tv2
          -7.2739155723057104e+02  -7.5478219978520406e+02   8.1414382159767206e+02 -1 13245 #xyz tv3 fid bid
          -8.7874768382903699e+02  -7.7133646197587620e+02   8.7366885111508077e+02 #xyz tv0
          -9.1823995079942165e+02  -7.4703586271647578e+02   8.1617592813816464e+02 #xyz tv1
          -9.1671909490355915e+02  -7.4487607175142455e+02   8.1718459726423498e+02 #xyz tv2
          -1.0076011290495615e+03  -7.8812851003983815e+02   9.1972365782443285e+02 -1 13245 #xyz tv3 fid bid
          -8.7874768382903699e+02  -7.7133646197587620e+02   8.7366885111508077e+02 #xyz tv0
          -9.1671909490355915e+02  -7.4487607175142455e+02   8.1718459726423498e+02 #xyz tv1
          -9.1823995079942165e+02  -7.4703586271647578e+02   8.1617592813816464e+02 #xyz tv2
          -7.2739155723057104e+02  -7.5478219978520406e+02   8.1414382159767206e+02 -1 13245 #xyz tv3 fid bid
          -1.1060466325765474e+03  -7.3496994371764504e+02   8.2022537293079802e+02 #xyz tv0
          -9.1671909490355915e+02  -7.4487607175142455e+02   8.1718459726423498e+02 #xyz tv1
          -9.1823995079942165e+02  -7.4703586271647578e+02   8.1617592813816464e+02 10856 -1 #xyz tv2 fid bid
          -9.1823995079942165e+02  -7.4703586271647578e+02   8.1617592813816464e+02 #xyz tv0
          -9.1671909490355915e+02  -7.4487607175142455e+02   8.1718459726423498e+02 #xyz tv1
          -7.2739155723057104e+02  -7.5478219978520406e+02   8.1414382159767206e+02 10856 -1 #xyz tv2 fid bid
          -9.1671909490355915e+02  -7.4487607175142455e+02   8.1718459726423498e+02 #xyz ev0
          -9.1823995079942165e+02  -7.4703586271647578e+02   8.1617592813816464e+02 -1 13245 #xyz ev1 fid bid
   0   0.000000000000e+00   0.000000000000e+00   0.000000000000e+00 #flag location
END_ERR 
BEGIN_ERR 
26 Small mesh segment detected on body : RadiatingSurface
 Small mesh segment detected on body : RadiatingSurface 
 Segment Statistics - Number of Segments : 1 --- Segment length(s) : 3.981693mm. The cutoff frequency for S-Matrix Only Solve is 58.7705127832751kHz 
2 -1  11188  # nfids, fids[]
2 13245  -1  # nbids, bids[]
      6 2 1 0 #ntets ntri ned npts
           1.9249843088331011e+02  -7.6553471383799376e+02   7.7138902254786228e+02 #xyz tv0
           1.3947628539945009e+02  -6.9395566805598946e+02   8.7283922370502478e+02 #xyz tv1
           1.9287262875441616e+02  -7.6915280521298985e+02   7.7300867439552974e+02 #xyz tv2
           8.0667362113025533e+01  -7.6877814531240506e+02   7.7180580796288098e+02 -1 13245 #xyz tv3 fid bid
           1.9249843088331011e+02  -7.6553471383799376e+02   7.7138902254786228e+02 #xyz tv0
           2.1916051887438780e+02  -7.3115087728567710e+02   8.1932676050660575e+02 #xyz tv1
           1.9287262875441616e+02  -7.6915280521298985e+02   7.7300867439552974e+02 #xyz tv2
           1.3947628539945009e+02  -6.9395566805598946e+02   8.7283922370502478e+02 -1 13245 #xyz tv3 fid bid
           1.9249843088331011e+02  -7.6553471383799376e+02   7.7138902254786228e+02 #xyz tv0
           2.1916051887438780e+02  -7.3115087728567710e+02   8.1932676050660575e+02 #xyz tv1
           3.0432949965359472e+02  -7.6229128236358247e+02   7.7097223713284347e+02 #xyz tv2
           1.9287262875441616e+02  -7.6915280521298985e+02   7.7300867439552974e+02 -1 13245 #xyz tv3 fid bid
           8.0667362113025533e+01  -7.6877814531240506e+02   7.7180580796288098e+02 #xyz tv0
           1.9249843088331011e+02  -7.6553471383799376e+02   7.7138902254786228e+02 #xyz tv1
           1.6752614605689152e+02  -8.2231974601906654e+02   7.4202205240618707e+02 #xyz tv2
           1.9287262875441616e+02  -7.6915280521298985e+02   7.7300867439552974e+02 -1 13245 #xyz tv3 fid bid
           2.2335397427818356e+02  -8.2270640132700748e+02   6.9598551141473956e+02 #xyz tv0
           1.9287262875441616e+02  -7.6915280521298985e+02   7.7300867439552974e+02 #xyz tv1
           1.9249843088331011e+02  -7.6553471383799376e+02   7.7138902254786228e+02 #xyz tv2
           3.0432949965359472e+02  -7.6229128236358247e+02   7.7097223713284347e+02 -1 13245 #xyz tv3 fid bid
           1.6752614605689152e+02  -8.2231974601906654e+02   7.4202205240618707e+02 #xyz tv0
           1.9249843088331011e+02  -7.6553471383799376e+02   7.7138902254786228e+02 #xyz tv1
           2.2335397427818356e+02  -8.2270640132700748e+02   6.9598551141473956e+02 #xyz tv2
           1.9287262875441616e+02  -7.6915280521298985e+02   7.7300867439552974e+02 -1 13245 #xyz tv3 fid bid
           1.9249843088331011e+02  -7.6553471383799376e+02   7.7138902254786228e+02 #xyz tv0
           1.9287262875441616e+02  -7.6915280521298985e+02   7.7300867439552974e+02 #xyz tv1
           3.0432949965359472e+02  -7.6229128236358247e+02   7.7097223713284347e+02 11188 -1 #xyz tv2 fid bid
           1.9249843088331011e+02  -7.6553471383799376e+02   7.7138902254786228e+02 #xyz tv0
           8.0667362113025533e+01  -7.6877814531240506e+02   7.7180580796288098e+02 #xyz tv1
           1.9287262875441616e+02  -7.6915280521298985e+02   7.7300867439552974e+02 11188 -1 #xyz tv2 fid bid
           1.9249843088331011e+02  -7.6553471383799376e+02   7.7138902254786228e+02 #xyz ev0
           1.9287262875441616e+02  -7.6915280521298985e+02   7.7300867439552974e+02 -1 13245 #xyz ev1 fid bid
   0   0.000000000000e+00   0.000000000000e+00   0.000000000000e+00 #flag location
END_ERR 
BEGIN_ERR 
26 Small mesh segment detected on body : RadiatingSurface
 Small mesh segment detected on body : RadiatingSurface 
 Segment Statistics - Number of Segments : 1 --- Segment length(s) : 4.013884mm. The cutoff frequency for S-Matrix Only Solve is 58.7705127832751kHz 
2 -1  11261  # nfids, fids[]
2 13245  -1  # nbids, bids[]
      5 2 1 0 #ntets ntri ned npts
           1.5877639304510751e+02   8.2253542541542697e+02   7.4230812489278651e+02 #xyz tv0
           2.1628012338252066e+02   8.1002011239047647e+02   6.8706077417702159e+02 #xyz tv1
           1.9195640114119578e+02   7.6591280100098857e+02   7.7141781159137622e+02 #xyz tv2
           1.9239956158616403e+02   7.6956239342568733e+02   7.7302882076190735e+02 -1 13245 #xyz tv3 fid bid
           2.1628012338252066e+02   8.1002011239047647e+02   6.8706077417702159e+02 #xyz tv0
           1.9195640114119578e+02   7.6591280100098857e+02   7.7141781159137622e+02 #xyz tv1
           1.9239956158616403e+02   7.6956239342568733e+02   7.7302882076190735e+02 #xyz tv2
           3.0396814649189486e+02   7.6266950363689807e+02   7.7099142982875856e+02 -1 13245 #xyz tv3 fid bid
           7.9944655790496697e+01   7.6915609836507906e+02   7.7184419335399400e+02 #xyz tv0
           1.5877639304510751e+02   8.2253542541542697e+02   7.4230812489278651e+02 #xyz tv1
           1.9195640114119578e+02   7.6591280100098857e+02   7.7141781159137622e+02 #xyz tv2
           1.9239956158616403e+02   7.6956239342568733e+02   7.7302882076190735e+02 -1 13245 #xyz tv3 fid bid
           1.9195640114119578e+02   7.6591280100098857e+02   7.7141781159137622e+02 #xyz tv0
           1.8736113633488063e+02   7.3167073726092258e+02   8.5167720168265259e+02 #xyz tv1
           1.9239956158616403e+02   7.6956239342568733e+02   7.7302882076190735e+02 #xyz tv2
           3.0396814649189486e+02   7.6266950363689807e+02   7.7099142982875856e+02 -1 13245 #xyz tv3 fid bid
           1.9195640114119578e+02   7.6591280100098857e+02   7.7141781159137622e+02 #xyz tv0
           1.9239956158616403e+02   7.6956239342568733e+02   7.7302882076190735e+02 #xyz tv1
           1.8736113633488063e+02   7.3167073726092258e+02   8.5167720168265259e+02 #xyz tv2
           7.9944655790496697e+01   7.6915609836507906e+02   7.7184419335399400e+02 -1 13245 #xyz tv3 fid bid
           1.9195640114119578e+02   7.6591280100098857e+02   7.7141781159137622e+02 #xyz tv0
           3.0396814649189486e+02   7.6266950363689807e+02   7.7099142982875856e+02 #xyz tv1
           1.9239956158616403e+02   7.6956239342568733e+02   7.7302882076190735e+02 11261 -1 #xyz tv2 fid bid
           1.9195640114119578e+02   7.6591280100098857e+02   7.7141781159137622e+02 #xyz tv0
           1.9239956158616403e+02   7.6956239342568733e+02   7.7302882076190735e+02 #xyz tv1
           7.9944655790496697e+01   7.6915609836507906e+02   7.7184419335399400e+02 11261 -1 #xyz tv2 fid bid
           1.9239956158616403e+02   7.6956239342568733e+02   7.7302882076190735e+02 #xyz ev0
           1.9195640114119578e+02   7.6591280100098857e+02   7.7141781159137622e+02 -1 13245 #xyz ev1 fid bid
   0   0.000000000000e+00   0.000000000000e+00   0.000000000000e+00 #flag location
END_ERR 
BEGIN_ERR 
26 Small mesh segment detected on body : RadiatingSurface
 Small mesh segment detected on body : RadiatingSurface 
 Segment Statistics - Number of Segments : 1 --- Segment length(s) : 4.903869mm. The cutoff frequency for S-Matrix Only Solve is 58.7705127832751kHz 
2 -1  11269  # nfids, fids[]
2 13245  -1  # nbids, bids[]
      5 2 1 0 #ntets ntri ned npts
          -1.3452046260100078e+03  -7.7707486690996825e+02   6.8701506507096519e+02 #xyz tv0
          -1.3920144140082894e+03  -7.9199980891914618e+02   6.2906903201282410e+02 #xyz tv1
          -1.3798290044289502e+03  -8.5380783677251202e+02   7.0250971614396667e+02 #xyz tv2
          -1.3871395587271008e+03  -7.9212071693816904e+02   6.2855028173017286e+02 -1 13245 #xyz tv3 fid bid
          -1.3798290044289502e+03  -8.5380783677251202e+02   7.0250971614396667e+02 #xyz tv0
          -1.3871395587271008e+03  -7.9212071693816904e+02   6.2855028173017286e+02 #xyz tv1
          -1.3920144140082894e+03  -7.9199980891914618e+02   6.2906903201282410e+02 #xyz tv2
          -1.3898623734023226e+03  -9.0524578037542017e+02   6.2902443295226306e+02 -1 13245 #xyz tv3 fid bid
          -1.3844167440518795e+03  -6.7899565350091757e+02   6.2807613050808277e+02 #xyz tv0
          -1.3920144140082894e+03  -7.9199980891914618e+02   6.2906903201282410e+02 #xyz tv1
          -1.3452046260100078e+03  -7.7707486690996825e+02   6.8701506507096519e+02 #xyz tv2
          -1.3871395587271008e+03  -7.9212071693816904e+02   6.2855028173017286e+02 -1 13245 #xyz tv3 fid bid
          -1.3871395587271008e+03  -7.9212071693816904e+02   6.2855028173017286e+02 #xyz tv0
          -1.4123934538622034e+03  -7.7697446430951004e+02   5.6483114072963394e+02 #xyz tv1
          -1.3920144140082894e+03  -7.9199980891914618e+02   6.2906903201282410e+02 #xyz tv2
          -1.3898623734023226e+03  -9.0524578037542017e+02   6.2902443295226306e+02 -1 13245 #xyz tv3 fid bid
          -1.3871395587271008e+03  -7.9212071693816904e+02   6.2855028173017286e+02 #xyz tv0
          -1.3920144140082894e+03  -7.9199980891914618e+02   6.2906903201282410e+02 #xyz tv1
          -1.4123934538622034e+03  -7.7697446430951004e+02   5.6483114072963394e+02 #xyz tv2
          -1.3844167440518795e+03  -6.7899565350091757e+02   6.2807613050808277e+02 -1 13245 #xyz tv3 fid bid
          -1.3871395587271008e+03  -7.9212071693816904e+02   6.2855028173017286e+02 #xyz tv0
          -1.3920144140082894e+03  -7.9199980891914618e+02   6.2906903201282410e+02 #xyz tv1
          -1.3844167440518795e+03  -6.7899565350091757e+02   6.2807613050808277e+02 11269 -1 #xyz tv2 fid bid
          -1.3871395587271008e+03  -7.9212071693816904e+02   6.2855028173017286e+02 #xyz tv0
          -1.3898623734023226e+03  -9.0524578037542017e+02   6.2902443295226306e+02 #xyz tv1
          -1.3920144140082894e+03  -7.9199980891914618e+02   6.2906903201282410e+02 11269 -1 #xyz tv2 fid bid
          -1.3871395587271008e+03  -7.9212071693816904e+02   6.2855028173017286e+02 #xyz ev0
          -1.3920144140082894e+03  -7.9199980891914618e+02   6.2906903201282410e+02 -1 13245 #xyz ev1 fid bid
   0   0.000000000000e+00   0.000000000000e+00   0.000000000000e+00 #flag location
END_ERR 
G3dErrFileVersion 2018P3.1
FlagFileMetaData Begin
   Mesh Size - Setup2, Refinement, Pass #2, Freq. 1.082000e+09 :Title    
   Listing of mesh elements with poor quality. :ToolTip  
   hf3d :Author   
   1744153420 :TimeStamp
FlagFileMetaData End
BEGIN_ERR 
26 Small mesh segment detected on body : RadiatingSurface
 Small mesh segment detected on body : RadiatingSurface 
 Segment Statistics - Number of Segments : 1 --- Segment length(s) : 2.826326mm. The cutoff frequency for S-Matrix Only Solve is 58.7705127832751kHz 
2 -1  10856  # nfids, fids[]
2 13245  -1  # nbids, bids[]
      6 2 1 0 #ntets ntri ned npts
          -9.8670312127752754e+02  -7.0465743385378732e+02   7.3823105085792440e+02 #xyz tv0
          -9.1823749017864111e+02  -7.4703596259050460e+02   8.1617590193808257e+02 #xyz tv1
          -1.1060466325765474e+03  -7.3496994371764504e+02   8.2022537293079802e+02 #xyz tv2
          -9.1671909490355915e+02  -7.4487607175142455e+02   8.1718459726423498e+02 -1 13245 #xyz tv3 fid bid
          -9.1823749017864111e+02  -7.4703596259050460e+02   8.1617590193808257e+02 #xyz tv0
          -9.8670312127752754e+02  -7.0465743385378732e+02   7.3823105085792440e+02 #xyz tv1
          -8.3068843250464283e+02  -7.0936533848173326e+02   7.2249592659592940e+02 #xyz tv2
          -9.1671909490355915e+02  -7.4487607175142455e+02   8.1718459726423498e+02 -1 13245 #xyz tv3 fid bid
          -9.1671909490355915e+02  -7.4487607175142455e+02   8.1718459726423498e+02 #xyz tv0
          -1.0076011290495615e+03  -7.8812851003983815e+02   9.1972365782443285e+02 #xyz tv1
          -9.1823749017864111e+02  -7.4703596259050460e+02   8.1617590193808257e+02 #xyz tv2
          -1.1060466325765474e+03  -7.3496994371764504e+02   8.2022537293079802e+02 -1 13245 #xyz tv3 fid bid
          -8.3068843250464283e+02  -7.0936533848173326e+02   7.2249592659592940e+02 #xyz tv0
          -9.1823749017864111e+02  -7.4703596259050460e+02   8.1617590193808257e+02 #xyz tv1
          -9.1671909490355915e+02  -7.4487607175142455e+02   8.1718459726423498e+02 #xyz tv2
          -7.2739155723057104e+02  -7.5478219978520406e+02   8.1414382159767206e+02 -1 13245 #xyz tv3 fid bid
          -8.7874768382903699e+02  -7.7133646197587620e+02   8.7366885111508077e+02 #xyz tv0
          -9.1823749017864111e+02  -7.4703596259050460e+02   8.1617590193808257e+02 #xyz tv1
          -9.1671909490355915e+02  -7.4487607175142455e+02   8.1718459726423498e+02 #xyz tv2
          -1.0076011290495615e+03  -7.8812851003983815e+02   9.1972365782443285e+02 -1 13245 #xyz tv3 fid bid
          -8.7874768382903699e+02  -7.7133646197587620e+02   8.7366885111508077e+02 #xyz tv0
          -9.1671909490355915e+02  -7.4487607175142455e+02   8.1718459726423498e+02 #xyz tv1
          -9.1823749017864111e+02  -7.4703596259050460e+02   8.1617590193808257e+02 #xyz tv2
          -7.2739155723057104e+02  -7.5478219978520406e+02   8.1414382159767206e+02 -1 13245 #xyz tv3 fid bid
          -1.1060466325765474e+03  -7.3496994371764504e+02   8.2022537293079802e+02 #xyz tv0
          -9.1671909490355915e+02  -7.4487607175142455e+02   8.1718459726423498e+02 #xyz tv1
          -9.1823749017864111e+02  -7.4703596259050460e+02   8.1617590193808257e+02 10856 -1 #xyz tv2 fid bid
          -9.1823749017864111e+02  -7.4703596259050460e+02   8.1617590193808257e+02 #xyz tv0
          -9.1671909490355915e+02  -7.4487607175142455e+02   8.1718459726423498e+02 #xyz tv1
          -7.2739155723057104e+02  -7.5478219978520406e+02   8.1414382159767206e+02 10856 -1 #xyz tv2 fid bid
          -9.1671909490355915e+02  -7.4487607175142455e+02   8.1718459726423498e+02 #xyz ev0
          -9.1823749017864111e+02  -7.4703596259050460e+02   8.1617590193808257e+02 -1 13245 #xyz ev1 fid bid
   0   0.000000000000e+00   0.000000000000e+00   0.000000000000e+00 #flag location
END_ERR 
BEGIN_ERR 
26 Small mesh segment detected on body : RadiatingSurface
 Small mesh segment detected on body : RadiatingSurface 
 Segment Statistics - Number of Segments : 1 --- Segment length(s) : 3.981693mm. The cutoff frequency for S-Matrix Only Solve is 58.7705127832751kHz 
2 -1  11188  # nfids, fids[]
2 13245  -1  # nbids, bids[]
      6 2 1 0 #ntets ntri ned npts
           1.9249843088331011e+02  -7.6553471383799376e+02   7.7138902254786240e+02 #xyz tv0
           1.3947628539945009e+02  -6.9395566805598946e+02   8.7283922370502478e+02 #xyz tv1
           1.9287262875441616e+02  -7.6915280521298985e+02   7.7300867439552974e+02 #xyz tv2
           8.0667362113025533e+01  -7.6877814531240506e+02   7.7180580796288098e+02 -1 13245 #xyz tv3 fid bid
           1.9249843088331011e+02  -7.6553471383799376e+02   7.7138902254786240e+02 #xyz tv0
           2.1916051887438780e+02  -7.3115087728567710e+02   8.1932676050660575e+02 #xyz tv1
           1.9287262875441616e+02  -7.6915280521298985e+02   7.7300867439552974e+02 #xyz tv2
           1.3947628539945009e+02  -6.9395566805598946e+02   8.7283922370502478e+02 -1 13245 #xyz tv3 fid bid
           1.9249843088331011e+02  -7.6553471383799376e+02   7.7138902254786240e+02 #xyz tv0
           2.1916051887438780e+02  -7.3115087728567710e+02   8.1932676050660575e+02 #xyz tv1
           3.0432949965359472e+02  -7.6229128236358247e+02   7.7097223713284347e+02 #xyz tv2
           1.9287262875441616e+02  -7.6915280521298985e+02   7.7300867439552974e+02 -1 13245 #xyz tv3 fid bid
           2.2335397427818356e+02  -8.2270640132700748e+02   6.9598551141473956e+02 #xyz tv0
           1.9287262875441616e+02  -7.6915280521298985e+02   7.7300867439552974e+02 #xyz tv1
           1.9249843088331011e+02  -7.6553471383799376e+02   7.7138902254786240e+02 #xyz tv2
           3.0432949965359472e+02  -7.6229128236358247e+02   7.7097223713284347e+02 -1 13245 #xyz tv3 fid bid
           8.0667362113025533e+01  -7.6877814531240506e+02   7.7180580796288098e+02 #xyz tv0
           1.9249843088331011e+02  -7.6553471383799376e+02   7.7138902254786240e+02 #xyz tv1
           1.6752614605689155e+02  -8.2231974601906654e+02   7.4202205240618707e+02 #xyz tv2
           1.9287262875441616e+02  -7.6915280521298985e+02   7.7300867439552974e+02 -1 13245 #xyz tv3 fid bid
           1.6752614605689155e+02  -8.2231974601906654e+02   7.4202205240618707e+02 #xyz tv0
           1.9249843088331011e+02  -7.6553471383799376e+02   7.7138902254786240e+02 #xyz tv1
           2.2335397427818356e+02  -8.2270640132700748e+02   6.9598551141473956e+02 #xyz tv2
           1.9287262875441616e+02  -7.6915280521298985e+02   7.7300867439552974e+02 -1 13245 #xyz tv3 fid bid
           1.9249843088331011e+02  -7.6553471383799376e+02   7.7138902254786240e+02 #xyz tv0
           1.9287262875441616e+02  -7.6915280521298985e+02   7.7300867439552974e+02 #xyz tv1
           3.0432949965359472e+02  -7.6229128236358247e+02   7.7097223713284347e+02 11188 -1 #xyz tv2 fid bid
           1.9249843088331011e+02  -7.6553471383799376e+02   7.7138902254786240e+02 #xyz tv0
           8.0667362113025533e+01  -7.6877814531240506e+02   7.7180580796288098e+02 #xyz tv1
           1.9287262875441616e+02  -7.6915280521298985e+02   7.7300867439552974e+02 11188 -1 #xyz tv2 fid bid
           1.9249843088331011e+02  -7.6553471383799376e+02   7.7138902254786240e+02 #xyz ev0
           1.9287262875441616e+02  -7.6915280521298985e+02   7.7300867439552974e+02 -1 13245 #xyz ev1 fid bid
   0   0.000000000000e+00   0.000000000000e+00   0.000000000000e+00 #flag location
END_ERR 
BEGIN_ERR 
26 Small mesh segment detected on body : RadiatingSurface
 Small mesh segment detected on body : RadiatingSurface 
 Segment Statistics - Number of Segments : 1 --- Segment length(s) : 4.013884mm. The cutoff frequency for S-Matrix Only Solve is 58.7705127832751kHz 
2 -1  11261  # nfids, fids[]
2 13245  -1  # nbids, bids[]
      5 2 1 0 #ntets ntri ned npts
           1.9239956158616403e+02   7.6956239342568733e+02   7.7302882076190735e+02 #xyz tv0
           2.1628012338252069e+02   8.1002011239047647e+02   6.8706077417702159e+02 #xyz tv1
           1.1961977359402491e+02   7.8785475340966536e+02   7.1320251009715673e+02 #xyz tv2
           1.9195640114119578e+02   7.6591280100098857e+02   7.7141781159137622e+02 -1 13245 #xyz tv3 fid bid
           7.9944655790496697e+01   7.6915609836507906e+02   7.7184419335399400e+02 #xyz tv0
           1.9239956158616403e+02   7.6956239342568733e+02   7.7302882076190735e+02 #xyz tv1
           1.1961977359402491e+02   7.8785475340966536e+02   7.1320251009715673e+02 #xyz tv2
           1.9195640114119578e+02   7.6591280100098857e+02   7.7141781159137622e+02 -1 13245 #xyz tv3 fid bid
           2.1628012338252069e+02   8.1002011239047647e+02   6.8706077417702159e+02 #xyz tv0
           1.9195640114119578e+02   7.6591280100098857e+02   7.7141781159137622e+02 #xyz tv1
           1.9239956158616403e+02   7.6956239342568733e+02   7.7302882076190735e+02 #xyz tv2
           3.0396814649189486e+02   7.6266950363689807e+02   7.7099142982875856e+02 -1 13245 #xyz tv3 fid bid
           1.9195640114119578e+02   7.6591280100098857e+02   7.7141781159137622e+02 #xyz tv0
           1.9239956158616403e+02   7.6956239342568733e+02   7.7302882076190735e+02 #xyz tv1
           1.8736113633488063e+02   7.3167073726092258e+02   8.5167720168265259e+02 #xyz tv2
           7.9944655790496697e+01   7.6915609836507906e+02   7.7184419335399400e+02 -1 13245 #xyz tv3 fid bid
           1.9195640114119578e+02   7.6591280100098857e+02   7.7141781159137622e+02 #xyz tv0
           1.8736113633488063e+02   7.3167073726092258e+02   8.5167720168265259e+02 #xyz tv1
           1.9239956158616403e+02   7.6956239342568733e+02   7.7302882076190735e+02 #xyz tv2
           3.0396814649189486e+02   7.6266950363689807e+02   7.7099142982875856e+02 -1 13245 #xyz tv3 fid bid
           1.9195640114119578e+02   7.6591280100098857e+02   7.7141781159137622e+02 #xyz tv0
           3.0396814649189486e+02   7.6266950363689807e+02   7.7099142982875856e+02 #xyz tv1
           1.9239956158616403e+02   7.6956239342568733e+02   7.7302882076190735e+02 11261 -1 #xyz tv2 fid bid
           1.9195640114119578e+02   7.6591280100098857e+02   7.7141781159137622e+02 #xyz tv0
           1.9239956158616403e+02   7.6956239342568733e+02   7.7302882076190735e+02 #xyz tv1
           7.9944655790496697e+01   7.6915609836507906e+02   7.7184419335399400e+02 11261 -1 #xyz tv2 fid bid
           1.9239956158616403e+02   7.6956239342568733e+02   7.7302882076190735e+02 #xyz ev0
           1.9195640114119578e+02   7.6591280100098857e+02   7.7141781159137622e+02 -1 13245 #xyz ev1 fid bid
   0   0.000000000000e+00   0.000000000000e+00   0.000000000000e+00 #flag location
END_ERR 
BEGIN_ERR 
26 Small mesh segment detected on body : RadiatingSurface
 Small mesh segment detected on body : RadiatingSurface 
 Segment Statistics - Number of Segments : 1 --- Segment length(s) : 4.903869mm. The cutoff frequency for S-Matrix Only Solve is 58.7705127832751kHz 
2 -1  11269  # nfids, fids[]
2 13245  -1  # nbids, bids[]
      5 2 1 0 #ntets ntri ned npts
          -1.3452046260100078e+03  -7.7707486690996825e+02   6.8701506507096519e+02 #xyz tv0
          -1.3920144140082894e+03  -7.9199980891914618e+02   6.2906903201282421e+02 #xyz tv1
          -1.3798290044289504e+03  -8.5380783677251202e+02   7.0250971614396678e+02 #xyz tv2
          -1.3871395587271008e+03  -7.9212071693816915e+02   6.2855028173017286e+02 -1 13245 #xyz tv3 fid bid
          -1.3798290044289504e+03  -8.5380783677251202e+02   7.0250971614396678e+02 #xyz tv0
          -1.3871395587271008e+03  -7.9212071693816915e+02   6.2855028173017286e+02 #xyz tv1
          -1.3920144140082894e+03  -7.9199980891914618e+02   6.2906903201282421e+02 #xyz tv2
          -1.3898623734023229e+03  -9.0524578037542017e+02   6.2902443295226306e+02 -1 13245 #xyz tv3 fid bid
          -1.3844167440518795e+03  -6.7899565350091757e+02   6.2807613050808277e+02 #xyz tv0
          -1.3920144140082894e+03  -7.9199980891914618e+02   6.2906903201282421e+02 #xyz tv1
          -1.3452046260100078e+03  -7.7707486690996825e+02   6.8701506507096519e+02 #xyz tv2
          -1.3871395587271008e+03  -7.9212071693816915e+02   6.2855028173017286e+02 -1 13245 #xyz tv3 fid bid
          -1.3871395587271008e+03  -7.9212071693816915e+02   6.2855028173017286e+02 #xyz tv0
          -1.4123934538622034e+03  -7.7697446430951004e+02   5.6483114072963394e+02 #xyz tv1
          -1.3920144140082894e+03  -7.9199980891914618e+02   6.2906903201282421e+02 #xyz tv2
          -1.3898623734023229e+03  -9.0524578037542017e+02   6.2902443295226306e+02 -1 13245 #xyz tv3 fid bid
          -1.3871395587271008e+03  -7.9212071693816915e+02   6.2855028173017286e+02 #xyz tv0
          -1.3920144140082894e+03  -7.9199980891914618e+02   6.2906903201282421e+02 #xyz tv1
          -1.4123934538622034e+03  -7.7697446430951004e+02   5.6483114072963394e+02 #xyz tv2
          -1.3844167440518795e+03  -6.7899565350091757e+02   6.2807613050808277e+02 -1 13245 #xyz tv3 fid bid
          -1.3871395587271008e+03  -7.9212071693816915e+02   6.2855028173017286e+02 #xyz tv0
          -1.3920144140082894e+03  -7.9199980891914618e+02   6.2906903201282421e+02 #xyz tv1
          -1.3844167440518795e+03  -6.7899565350091757e+02   6.2807613050808277e+02 11269 -1 #xyz tv2 fid bid
          -1.3871395587271008e+03  -7.9212071693816915e+02   6.2855028173017286e+02 #xyz tv0
          -1.3898623734023229e+03  -9.0524578037542017e+02   6.2902443295226306e+02 #xyz tv1
          -1.3920144140082894e+03  -7.9199980891914618e+02   6.2906903201282421e+02 11269 -1 #xyz tv2 fid bid
          -1.3871395587271008e+03  -7.9212071693816915e+02   6.2855028173017286e+02 #xyz ev0
          -1.3920144140082894e+03  -7.9199980891914618e+02   6.2906903201282421e+02 -1 13245 #xyz ev1 fid bid
   0   0.000000000000e+00   0.000000000000e+00   0.000000000000e+00 #flag location
END_ERR 
BEGIN_ERR 
26 Small mesh segment detected on body : RadiatingSurface
 Small mesh segment detected on body : RadiatingSurface 
 Segment Statistics - Number of Segments : 1 --- Segment length(s) : 5.651828mm. The cutoff frequency for S-Matrix Only Solve is 58.7705127832751kHz 
2 -1  10856  # nfids, fids[]
2 13245  -1  # nbids, bids[]
      7 2 1 0 #ntets ntri ned npts
          -1.1090817827128574e+03  -7.3928979197849117e+02   8.1820796481177172e+02 #xyz tv0
          -1.1984705713348189e+03  -6.5074664476551504e+02   7.8826582266015282e+02 #xyz tv1
          -1.0884291686489360e+03  -6.2569808865626408e+02   6.4804867364384120e+02 #xyz tv2
          -1.1060466325765474e+03  -7.3496994371764504e+02   8.2022537293079802e+02 -1 13245 #xyz tv3 fid bid
          -1.1060466325765474e+03  -7.3496994371764504e+02   8.2022537293079802e+02 #xyz tv0
          -9.8670312127752754e+02  -7.0465743385378732e+02   7.3823105085792440e+02 #xyz tv1
          -1.0884291686489360e+03  -6.2569808865626408e+02   6.4804867364384120e+02 #xyz tv2
          -1.1090817827128574e+03  -7.3928979197849117e+02   8.1820796481177172e+02 -1 13245 #xyz tv3 fid bid
          -1.1090817827128574e+03  -7.3928979197849117e+02   8.1820796481177172e+02 #xyz tv0
          -1.2519175911130997e+03  -7.3349223562152133e+02   8.1972884520818934e+02 #xyz tv1
          -1.1984705713348189e+03  -6.5074664476551504e+02   7.8826582266015282e+02 #xyz tv2
          -1.1060466325765474e+03  -7.3496994371764504e+02   8.2022537293079802e+02 -1 13245 #xyz tv3 fid bid
          -1.1090817827128574e+03  -7.3928979197849117e+02   8.1820796481177172e+02 #xyz tv0
          -9.8670312127752754e+02  -7.0465743385378732e+02   7.3823105085792440e+02 #xyz tv1
          -9.1823749017864111e+02  -7.4703596259050460e+02   8.1617590193808257e+02 #xyz tv2
          -1.1060466325765474e+03  -7.3496994371764504e+02   8.2022537293079802e+02 -1 13245 #xyz tv3 fid bid
          -1.1846090284545078e+03  -7.7551684857036616e+02   9.0610366580401887e+02 #xyz tv0
          -1.2519175911130997e+03  -7.3349223562152133e+02   8.1972884520818934e+02 #xyz tv1
          -1.1090817827128574e+03  -7.3928979197849117e+02   8.1820796481177172e+02 #xyz tv2
          -1.1060466325765474e+03  -7.3496994371764504e+02   8.2022537293079802e+02 -1 13245 #xyz tv3 fid bid
          -9.1823749017864111e+02  -7.4703596259050460e+02   8.1617590193808257e+02 #xyz tv0
          -1.1060466325765474e+03  -7.3496994371764504e+02   8.2022537293079802e+02 #xyz tv1
          -1.0076011290495615e+03  -7.8812851003983815e+02   9.1972365782443285e+02 #xyz tv2
          -1.1090817827128574e+03  -7.3928979197849117e+02   8.1820796481177172e+02 -1 13245 #xyz tv3 fid bid
          -1.1846090284545078e+03  -7.7551684857036616e+02   9.0610366580401887e+02 #xyz tv0
          -1.1090817827128574e+03  -7.3928979197849117e+02   8.1820796481177172e+02 #xyz tv1
          -1.0076011290495615e+03  -7.8812851003983815e+02   9.1972365782443285e+02 #xyz tv2
          -1.1060466325765474e+03  -7.3496994371764504e+02   8.2022537293079802e+02 -1 13245 #xyz tv3 fid bid
          -1.1060466325765474e+03  -7.3496994371764504e+02   8.2022537293079802e+02 #xyz tv0
          -9.1823749017864111e+02  -7.4703596259050460e+02   8.1617590193808257e+02 #xyz tv1
          -1.1090817827128574e+03  -7.3928979197849117e+02   8.1820796481177172e+02 10856 -1 #xyz tv2 fid bid
          -1.2519175911130997e+03  -7.3349223562152133e+02   8.1972884520818934e+02 #xyz tv0
          -1.1060466325765474e+03  -7.3496994371764504e+02   8.2022537293079802e+02 #xyz tv1
          -1.1090817827128574e+03  -7.3928979197849117e+02   8.1820796481177172e+02 10856 -1 #xyz tv2 fid bid
          -1.1090817827128574e+03  -7.3928979197849117e+02   8.1820796481177172e+02 #xyz ev0
          -1.1060466325765474e+03  -7.3496994371764504e+02   8.2022537293079802e+02 -1 13245 #xyz ev1 fid bid
   0   0.000000000000e+00   0.000000000000e+00   0.000000000000e+00 #flag location
END_ERR 
